0.0
0.0
0.0
0.5078534031413613
0.0
0.0
0.5078534031413613
0.5078534031413613
0.0
0.0
0.0
0.9417475728155341
0.9417475728155341
0.9417475728155341
0.9417475728155341
0.9417475728155341
0.9417475728155341
0.0
0.9417475728155341
0.9417475728155341
0.0
0.9417475728155341
0.9417475728155341
0.0
0.9417475728155341
0.9417475728155341
0.9417475728155341
0.9417475728155341
0.9417475728155341
0.9417475728155341
0.9417475728155341
0.984771573604061
0.984771573604061
1.0
1.0
1.0
1.0
0.0
0.0
0.0
0.0
0.0
0.0
0.0
0.0
0.0
0.0
0.0
